
6.77437
169.118
176.643
-0.148101
-0.588884
  7.44942

 3.14821
 169.449
-4.86412
0.0202437
 -0.95069
  6.64737

6.77012
169.119
176.642
-0.148079
-0.589038
  7.44941

 6.00957
-10.7342
 4.32634
 -4.3351
-1.39229
 6.63666

6.69228
169.126
176.627
-0.147649
-0.591853
  7.44917

 6.03211
-10.7375
 4.32187
  -4.335
-1.39311
 6.63654

6.79743
169.116
176.647
-0.148228
 -0.58805
   7.4495

 2.23761
-11.7951
-175.437
 -4.19574
-0.893195
  5.81465

 2.30202
-11.7973
-175.449
 -4.19567
-0.895611
  5.81456

6.76956
169.119
176.642
-0.148075
-0.589058
  7.44941

 3.83395
-10.3155
-176.379
 -4.22351
-0.980438
  5.85573

8.02162
 170.61
177.374
 -0.14567
-0.563288
  7.38245

4.74689
170.963
-3.8693
0.00545261
 -0.927656
   6.57677

8.02957
170.609
177.375
-0.145719
-0.563003
  7.38247

7.95627
170.615
177.363
-0.145269
-0.565634
  7.38228

8.04903
170.608
177.378
-0.145838
-0.562304
  7.38252

7.93327
170.617
177.359
-0.145128
 -0.56646
  7.38222

 7.67664
-9.30096
 3.42597
-4.33438
-1.47625
  6.6828

8.01545
170.611
177.373
-0.145632
 -0.56351
  7.38243

 4.74823
 170.963
-3.86909
0.00544829
 -0.927605
   6.57677

9.08355
 169.78
 176.14
-0.156106
-0.722527
    7.421

 5.03708
-10.7568
-175.139
-4.21144
-1.19373
 5.84948

  5.7149
 170.321
-4.91924
0.00396078
  -1.00404
   6.60719

 8.59876
-9.89488
 4.46949
-4.32573
-1.63264
 6.66455

9.09971
169.778
176.143
-0.156217
-0.721949
  7.42105

9.09435
169.779
176.142
 -0.15618
-0.722141
  7.42103

 8.52484
-9.88845
 4.48259
 -4.3262
-1.62999
 6.66478

 5.04268
-10.7573
 -175.14
-4.21142
-1.19394
 5.84946

 5.03778
-10.7569
 -175.14
-4.21144
-1.19375
 5.84948

