
0.0150978 0.0282743 0.0195149
0.0048332 0.00859618 0.0108604

0.0150928 0.028277 0.019515
0.00483261 0.00859637 0.0108603

0.0150942 0.0282762 0.019515
0.00483277 0.00859631 0.0108603

0.0150953 0.0282756 0.0195149
0.00483291 0.00859627 0.0108603

0.0150963 0.0282751 0.0195149
0.00483302 0.00859624 0.0108604

0.016797 0.0249925 0.0173902
0.00460014 0.00770026 0.0101257

0.0167934 0.0249948 0.0173903
0.00459968 0.00770039 0.0101257

0.0167934 0.0249948 0.0173903
0.00459969 0.00770039 0.0101257

0.0167922 0.0249956 0.0173904
0.00459953 0.00770044 0.0101258

0.0167995 0.0249908 0.0173901
0.00460046 0.00770017 0.0101257

0.0151241 0.0238534 0.0162844
0.0041967 0.00708781 0.00937738

0.0151254 0.0238525 0.0162844
0.00419686 0.00708776 0.00937739

0.0151241 0.0238533 0.0162844
0.00419671 0.0070878 0.00937738

0.0151167 0.023858 0.0162847
0.00419583 0.00708807 0.00937737

0.0151235 0.0238537 0.0162845
0.00419663 0.00708783 0.00937738

0.0116781 0.0228542 0.0150812
0.00375634 0.00672798 0.00818823

0.0116807 0.022853 0.0150811
0.00375668 0.00672788 0.00818823

0.0116789 0.0228539 0.0150812
0.00375644 0.00672795 0.00818823

0.0116783 0.0228541 0.0150812
0.00375636 0.00672798 0.00818823

0.0116808 0.0228529 0.0150811
0.00375669 0.00672788 0.00818823

0.0115847 0.0227191 0.013935
0.0034815 0.00621684 0.00817158

0.0115814 0.0227207 0.0139351
0.00348111 0.00621695 0.00817158

0.0115836 0.0227197 0.013935
0.00348137 0.00621688 0.00817158

0.0115806 0.0227211 0.0139352
0.00348102 0.00621698 0.00817158

0.011582 0.0227204 0.0139351
0.00348118 0.00621693 0.00817158

0.00965816 0.0212057 0.013582
0.00330478 0.00597614 0.00715048

0.00965604 0.0212066 0.0135822
0.00330451 0.00597622 0.00715046

0.00965852 0.0212056 0.013582
0.00330483 0.00597612 0.00715049

0.00965737 0.021206 0.0135821
0.00330468 0.00597616 0.00715048

0.00965797 0.0212058 0.0135821
0.00330476 0.00597614 0.00715048

0.00948106 0.0210108 0.0127705
0.00310543 0.00565287 0.00701704

0.00948145 0.0210107 0.0127705
0.00310548 0.00565286 0.00701704

0.00948165 0.0210106 0.0127704
0.0031055 0.00565285 0.00701704

0.00948115 0.0210108 0.0127705
0.00310544 0.00565287 0.00701704

0.00948113 0.0210108 0.0127705
0.00310544 0.00565287 0.00701704

0.0093935 0.0197583 0.0122183
0.00295777 0.00537865 0.00692782

0.00939559 0.0197575 0.0122181
0.00295802 0.00537858 0.00692783

0.00939311 0.0197585 0.0122183
0.00295772 0.00537867 0.00692782

0.00939414 0.0197581 0.0122182
0.00295785 0.00537863 0.00692782

0.00939383 0.0197582 0.0122183
0.00295781 0.00537864 0.00692782

0.00951807 0.0187605 0.0117576
0.00286266 0.00521635 0.0068464

0.00951966 0.0187597 0.0117575
0.00286285 0.0052163 0.0068464

0.00951892 0.0187601 0.0117576
0.00286276 0.00521632 0.0068464

0.00952008 0.0187595 0.0117575
0.00286289 0.00521628 0.0068464

0.00951991 0.0187596 0.0117575
0.00286287 0.00521629 0.0068464

0.00714838 0.016785 0.0117857
0.00279392 0.00520264 0.00556094

0.0071488 0.0167849 0.0117856
0.00279398 0.00520262 0.00556096

0.00715131 0.0167849 0.0117851
0.00279459 0.00520238 0.00556125

